0000000000000000000000000000000000000000
0000000000000000000000000001000000000000
0000000000000000000000001111000010000000
0000000000000001000000011110000010000000
0000000000000010100000010010000000001100
0000000000000100011000011110000100001100
0011000000000100011000001111000000000000
0011000000000100011000000001000000000000
0000000000000010100000000000000000000000
0000000000000001000000000000000000000000
0000000000000000000000000000000000000000
0000000000000000000000000000000000000000
0000000000000000000000000000000000000000
0000000000000000000000000000000000000000
0000000000000000000000000000000000000000
0000000000000000000000000000000000000000
0000000000000000000000000000000000000000
